-5.251136
3.24622
1.523189
-0.9076706
-1.385689
-1.16489
-0.1291804
-3.313478
-4.20193
2.115673
0.2025814
-0.3879563
-0.3412988
5.169162
0.9651034
0.2050935
1.447478
-1.281179
0.1274263
1.286872
-1.16214
-0.2744462
2.528379
0.02379696
1.577663
-0.3329695
-2.102117
0.9693632
3.751397
1.232116
3.12289
1.180144
5.486373
-1.2177
-0.2366961
-0.9586091
-5.131557
0.8190266
-1.381964
-2.505144
-0.75946
-0.5108917
-1.489579
-1.363104
-5.554689
-2.218864
3.501182
0.4463316
-0.670845
1.145331
1.159296
1.244474
2.640454
-0.4331206
0.04893326
-0.6150375
0.1227916
-2.039684
1.214714
1.042524
-2.746123
-1.5092
9.729996
-2.357956
-0.9979454
2.948959
2.137477
-1.149071
1.541044
3.35604
-4.295309
0.4195385
-1.411798
-0.9777395
0.7575683
-2.35898
-5.617661
1.062536
-1.414526
4.329138
-0.103626
4.17802
-2.531705
0.4344704
-0.2107419
2.757988
-5.802701
-4.700803
0.04275621
5.388931
-1.184345
-5.06816
-4.509769
-2.769094
-2.41914
-3.463927
-2.616385
1.803726
-0.1318098
1.357164
1.167249
4.303628
0.7929651
1.329218
0.7191847
4.846715
-0.8070095
1.52832
-0.1999974
-1.486526
2.182044
-0.0606029
3.341721
3.440739
-0.8861327
0.0342932
-0.3000937
-0.4258639
-3.107369
-1.412732
-1.289127
-0.2353694
0.03857766
5.81684
3.426125
3.039258
-0.8884643
-0.09793206
2.337555
-0.09825183
-0.3630707
-0.4044388
-3.623106
-3.921
-2.888955
1.560527
1.00846
-4.847337
4.000659
3.026139
-2.430686
5.656493
-1.005205
0.8913465
0.495082
2.834721
1.240312
1.147551
0.7936136
-0.1537511
1.529811
0.9730652
-2.030267
-2.639458
-2.485321
1.301479
-1.574862
1.812554
-2.491785
0.7794117
-3.230551
3.040135
-0.8636987
-2.653764
-2.162276
-4.099596
0.3680953
0.8875489
-0.5441971
-0.3818682
1.993421
-5.122156
1.402512
0.7321632
-1.637536
1.056002
2.89733
1.116134
-0.3978825
-1.011565
-1.822746
-1.808308
-1.251332
3.493318
4.271678
-4.90047
0.2238137
0.6121395
0.8877597
-0.6351972
1.441448
-0.8500012
-1.862586
-4.831034
0.6932606
2.866879
1.024935
-0.2045627
0.2560959
-2.968444
2.431155
0.1817834
-1.346042
1.042111
-0.8110278
-0.08420733
-0.2134784
-0.6730894
-1.929157
-3.222672
1.077968
-2.451594
-4.389194
-0.7248158
-1.845711
5.30864
3.92583
-0.9691221
0.6917874
6.301156
-1.96687
5.384427
-3.747878
-1.189796
-1.305831
3.423911
0.01294261
-0.6801085
1.814715
-0.754284
-6.754141
0.1463585
1.143622
-1.500596
-3.293786
3.356169
0.8956243
3.616105
2.849659
-0.630852
-1.169616
-1.859224
-3.690325
-3.750272
-3.3235
0.4514704
1.376518
-1.653155
0.5298771
0.03789775
1.680234
-2.18277
2.64636
-0.4583734
-3.127281
2.097721
-3.034697
0.320807
0.2135709
-1.826059
-0.876801
-3.337007
-2.382149
-3.681057
1.532286
3.160221
-2.07357
-0.1283272
0.2688435
1.789416
4.572615
-2.704562
5.067062
4.061128
4.592457
-3.193561
0.4068745
-4.238093
-0.7300092
3.030985
0.6231794
4.208765
3.092279
-2.563439
-1.580367
0.923794
-1.251974
-0.2673866
-1.943463
2.201367
-1.309051
-0.03513525
-1.537107
-0.3897337
-0.08478545
-0.1334211
3.29998
3.281043
2.066881
-3.569348
2.091504
1.340836
2.169655
-3.222446
-2.758334
3.068349
2.162191
2.056705
-2.473431
-1.842642
-0.9099604
0.6304224
1.282277
-0.4214399
0.7594745
3.05804
-3.752687
-1.102868
1.403646
0.05628033
3.536355
-4.290205
-4.037571
2.901984
-1.427986
1.717372
-2.255611
-3.227879
-0.4081227
0.1167209
0.9377055
-0.5733204
3.755138
-3.159359
-0.5809427
2.196806
-0.4950945
3.218185
0.1255588
-0.4537153
-0.4405018
-3.87547
0.3551328
-0.6903445
-3.174682
0.05704665
1.290854
-4.730603
