1.221273
0.2305167
1.848614
-2.225387
-0.5156885
0.7052451
5.314614
-1.640893
4.61422
-0.9731327
3.137928
0.0271903
0.2735275
2.479574
-2.100526
-3.457029
0.1675777
-0.458928
-0.852932
1.892093
0.8068749
0.06912121
2.109733
-0.3863644
0.1704127
0.1383953
-3.954133
-2.90594
3.197862
2.513557
0.9687828
-1.442021
-1.844154
-0.1411294
-0.8844072
-2.753204
-0.3236143
-1.434941
5.955212
0.9612374
-0.3010019
-1.462775
1.482825
-3.424114
-2.623634
-0.01869639
-1.398156
1.501665
-4.692338
0.04277663
-0.4427265
-2.227187
3.200778
0.5253969
-6.059732
-1.930338
1.508628
1.005565
-2.578731
-4.016953
1.473776
2.803076
-8.089311
1.885843
2.033972
0.3550024
-1.618121
0.2970445
-2.396751
-1.45427
0.1846357
1.211829
2.135493
-1.876618
4.378478
-0.06177057
-1.037946
-0.4031586
-3.83677
-0.117107
3.575893
0.4800102
-2.790158
0.4723312
-3.378026
1.726294
-3.367553
-1.448373
1.792904
0.8943113
3.31033
-0.2241197
0.6739491
-0.5069832
-0.8405153
-1.590938
4.43889
0.5879431
-1.379999
-1.798072
-0.5739735
-0.5629808
-2.869045
-1.901451
1.535746
-2.559551
-1.733305
2.035172
2.548413
2.349692
-0.7239136
0.8257216
4.77984
-2.137122
1.972939
0.5940438
-3.944559
-2.355238
2.955671
0.102513
2.972164
-1.661006
1.651264
3.664702
-0.9921436
1.940765
-0.2855255
-0.2944439
3.428485
-2.634209
-1.277987
-2.671226
-1.524475
-0.048418
0.7614624
5.726513
-0.7291992
-2.139527
-0.6834819
-1.722192
-0.4892859
3.294338
1.494232
1.953352
-3.043864
-0.9519193
-1.902166
-1.861891
-3.126529
2.280991
-3.303724
-0.09544952
-0.05925969
0.7128433
-1.155354
-0.2218905
0.9363822
0.04238357
-1.41844
-1.073051
-0.6044537
-1.671464
4.064078
-2.707584
0.9099755
-2.208121
-0.6045376
1.783793
-2.623965
2.37298
1.2813
3.288381
2.438019
-0.09939626
2.122391
0.2186136
0.6360946
-2.158723
-2.411755
3.199309
-0.5282371
1.604851
-0.4719826
3.16729
0.7508712
3.945469
1.477636
1.589608
1.71528
0.7367424
-0.1916415
2.568974
-1.715504
0.8892799
2.2872
2.81194
-1.735251
-2.991571
0.4418606
-2.180058
0.896826
-0.9291727
5.660766
1.460162
2.766096
2.108515
-3.41001
-0.5643795
-1.485937
4.790061
-0.6147693
0.7195885
-0.2348315
-3.457769
0.1825644
1.077482
-1.258406
-0.7565069
-1.352795
2.991429
-0.6145808
-2.477643
8.455493
-0.3826029
-0.8440483
-3.18918
2.137414
1.793681
-0.3681025
1.146531
0.5327308
1.640658
-0.06839073
0.6774424
-0.6991635
-4.566855
1.216749
-0.9932925
2.121679
-3.532527
0.5439652
-2.091748
1.21815
-0.7431435
2.039322
2.58869
-0.9538709
3.665509
4.109426
-0.677288
-0.9354265
2.990804
-0.8848824
-1.578605
-1.073812
5.686578
0.5257398
-2.887684
-0.06166473
1.85
-1.234827
1.375304
-3.318328
-1.099363
0.613265
-0.6326085
2.017102
2.860218
1.611283
1.066901
-0.2162545
-0.1864349
-1.629706
1.164745
-2.012255
-0.4372592
2.465054
-0.1683869
0.2357727
-1.603732
-0.5878714
2.201851
1.657368
-2.267172
0.3317798
-0.6572405
0.5089589
2.136625
5.290376
-0.2807039
-4.632021
2.998092
1.792009
0.628319
-3.763828
-0.2647323
-3.33622
1.545993
0.8516608
-2.686514
1.760765
-0.02856147
-0.4895234
1.430229
2.304687
0.06102365
1.667789
-1.814932
-5.008346
0.6519592
-1.175875
2.162968
1.454012
3.33922
-0.1023908
-2.366328
1.43341
0.7413714
-2.305298
-1.260959
0.7104408
-2.366629
-0.8227335
-1.36965
-0.2645832
-1.875823
2.146024
-0.6173644
0.1589574
0.0806831
0.9121913
2.051789
2.323304
-1.267383
2.794213
0.7281291
0.4443248
-4.042031
5.185941
-3.023507
5.260612
0.2887805
0.2748171
-3.314883
0.09465673
-2.020504
-2.687422
-2.05477
