-0.7709554
0.2305167
-0.6322587
-2.225387
4.577184
3.349264
-1.581908
1.765346
2.736364
-2.463071
-0.8844821
0.0271903
-2.956461
1.372775
0.6759657
-3.123778
0.5724879
0.5038338
3.63193
-1.636302
-1.490399
1.490705
2.320242
1.292436
2.23308
0.5564499
-0.8445909
-0.2650031
-6.171678
-1.948356
0.9687828
-3.778905
-2.315758
3.096148
-1.854237
-0.04513238
1.942342
2.707294
-1.5916
3.414492
-0.5388803
-4.210276
-2.748767
-0.8804139
-1.977543
0.972488
-3.516589
-2.365234
0.6894157
-1.465112
2.040663
3.327584
3.002658
-5.016367
-1.335076
-2.487582
-0.6845641
0.8671339
-4.807941
-1.730181
-0.3451427
-0.1357105
-1.555968
-2.469659
-0.2884727
1.50836
-2.993302
0.8526643
-2.130177
1.938836
0.310673
-2.618799
6.938261
-0.143553
-0.6387524
1.505825
1.890757
-3.795297
0.02871867
-1.675446
3.575893
-0.80888
-0.3356725
0.4723312
3.957628
-1.307303
0.4749414
-3.799245
-1.175986
-0.7047525
3.493513
-0.3396509
-2.943642
0.6517473
0.3793731
0.3345134
-0.2020488
-1.332548
-1.923947
4.294128
-1.00829
-0.2924892
-1.581323
-2.110636
2.301317
2.506818
-0.8168963
0.179082
1.132094
1.605211
-3.438669
1.721656
2.061252
3.044456
5.503582
-2.704772
-3.148994
-1.668692
3.089164
1.808111
4.977656
3.171659
-1.203879
-1.011131
3.302832
-2.469068
-1.172014
1.164314
-0.5700009
-3.643665
0.8262368
-1.88073
0.1314559
1.578623
0.0498812
0.6838393
0.03237856
-2.534642
-1.499244
0.7773226
2.585565
-1.225852
-4.727139
1.231699
-1.833023
-2.093894
-0.6868599
0.8798391
4.791211
4.352237
2.429408
-0.5726267
-1.303908
-2.558546
-1.820031
-3.041919
-1.185135
2.475729
-1.768034
0.8081178
1.935452
1.835758
-3.009704
-3.245627
0.5785511
3.074792
2.406379
3.425387
-2.139534
0.7318478
3.304442
0.5952132
2.665053
-4.882288
3.465166
-0.4272417
-0.2030943
-2.184407
0.4699
2.79903
0.3275686
4.898003
-2.92033
-0.6485994
2.513622
1.824532
-1.012953
-1.090911
1.048727
4.455973
-1.502061
-4.353339
0.4827465
2.414446
2.540351
3.275431
2.879574
-3.505056
-2.068489
-4.5362
-0.9081922
-2.919071
-1.893141
0.6435978
3.227868
0.2775629
-0.4696602
-2.186941
3.834461
3.042442
-4.564306
-0.07152125
-0.2348315
-0.4777297
-0.8090959
0.6673133
4.210034
-1.394565
-0.4184698
-0.5487809
-1.532826
-2.477643
8.455493
3.290728
4.790667
-0.4976281
2.512209
-0.6293319
0.8403956
0.8837639
-0.3227254
0.2636353
-3.214048
2.521463
-0.8068027
-0.04584406
0.2312119
0.0337076
2.789413
2.869869
0.8534433
-2.230615
5.239715
-0.645292
-0.9355064
-0.3194488
-0.9538709
1.448763
-3.945129
-3.816852
3.832509
-0.5237375
-3.970213
1.904668
-3.812477
2.347831
-1.35998
2.011157
1.529255
3.054739
2.896014
0.9301977
0.232893
-1.811408
0.886938
3.356533
0.3070285
0.779451
3.215425
-0.9694523
1.42587
-0.1864349
-0.5980222
1.190483
-0.8182412
1.034153
-0.4880108
-1.880918
-1.765166
-0.8702551
-0.5878714
-1.14583
-1.971466
-1.193292
0.2404973
3.937031
0.0801691
-1.117591
2.787377
0.4265875
-4.632021
-3.216701
-5.233783
-0.2027873
0.313976
-1.654866
-0.7401496
-2.345937
-3.384077
-0.7096819
-2.910882
-3.564411
0.982365
-1.396893
1.782844
-0.3512438
-0.3498782
1.915978
1.265643
-0.2743543
-1.175875
-1.228048
0.2987634
-0.3626597
-4.203363
-3.641241
1.43341
-0.9459981
2.804891
-0.9304666
1.65594
0.5568842
-0.6706851
-1.185421
0.1435958
-1.439033
-2.421633
3.128264
1.568804
-1.663852
-5.566803
2.260027
2.958695
1.185954
0.007801314
0.3512084
-1.032654
1.495525
3.03374
0.07059921
-2.410055
1.551676
0.7434666
-1.232039
-1.23978
3.299748
0.0823355
-2.05477
