0.8500445
-1.532465
3.500491
0.8723985
4.212996
-0.4806723
0.3731568
-2.955667
0.6796322
-3.397606
-1.718721
2.221558
0.8551674
-3.244503
-0.6040215
2.826646
-0.2995881
-5.291889
-1.838137
0.3769602
1.325704
2.612421
-1.406227
-1.251316
0.4099021
1.084823
-0.6144112
-0.07962175
4.779538
-0.9502599
1.067189
-1.919217
2.71253
6.262246
-1.587031
3.682072
3.506549
-0.7237921
-0.3013874
3.359274
-3.433244
-0.131633
-2.764581
1.919524
0.9908004
-1.009564
0.6526679
-4.28679
1.220998
0.5568126
-1.442394
-2.539723
-2.574233
5.045655
-2.099308
-0.1560953
0.2316606
-1.820767
0.4147987
-1.413454
1.550352
-1.071822
0.4700353
-5.218082
0.8303179
1.043675
-1.920642
3.076892
-3.126405
-0.7359403
-0.3795605
1.306074
-1.065946
-1.096919
3.537408
-0.2596734
2.996992
1.019991
2.02249
-2.470338
2.997838
0.7804785
-5.985654
2.331885
-4.230545
2.327933
-0.6717798
0.9471836
-1.969134
-4.860199
-1.672645
0.4476021
0.414318
1.308249
-4.246739
1.501686
-2.32361
-0.7024451
3.068187
0.9692323
3.709324
-3.389762
0.7680748
-2.366182
1.731646
0.4058498
-3.331713
-1.032434
-5.442556
-0.7145358
-1.295936
-0.2216594
-0.6867301
-5.36194
0.4074057
1.329511
-3.537859
2.026294
-1.906946
2.726733
2.273957
2.752433
-0.9575366
4.913012
-3.764937
-4.301113
-0.2789942
3.456039
1.420558
-1.599829
-3.466171
0.5918456
0.9358034
-1.317049
3.14542
1.009374
0.4999387
1.062611
-3.414156
-3.223133
-0.2114004
1.405864
-1.215972
0.6945938
0.5924938
-1.942201
-2.975097
3.78961
0.2254178
-3.427564
1.578078
-3.636955
-1.736402
1.562254
-0.3392867
-0.3492188
0.9169894
-3.012843
1.633387
0.7782798
2.965156
-0.7502337
-2.022469
0.57535
0.3443728
3.229676
1.276049
0.6294847
1.947503
-0.2503626
-3.257427
-1.980639
0.6565604
3.577849
4.082112
-2.729689
4.518344
2.13133
-0.01553839
0.532591
-1.200793
-0.6703361
0.9960302
-1.181569
-1.200436
0.232217
0.05546951
2.141665
1.733261
-0.7933721
5.53513
-2.726496
0.01457356
-3.513786
-0.1015635
-1.021417
-5.353301
-0.03662223
-0.1243412
-4.955717
-1.899187
2.265532
-1.471648
2.862291
-1.636111
-4.397261
3.245453
1.776679
-4.116077
3.108288
-3.114181
3.233335
-1.496195
2.575199
-1.982691
-0.7099291
1.4254
1.977739
2.431836
1.993896
-1.101595
0.2870407
-2.824167
2.164991
2.20388
-0.6129469
-1.206712
5.119853
-0.3959497
-3.812469
0.1877368
2.834194
2.375998
-1.323607
3.548232
2.921213
-2.960417
4.006626
1.93879
0.1358104
2.644686
4.730537
-1.231853
3.101153
2.60249
1.884506
-4.576435
-1.716158
-2.439222
-3.021255
-0.5950631
-0.1063784
-1.790412
1.809143
-0.1555694
3.147754
2.79731
-3.69958
-6.673353
3.08931
0.4639635
3.988366
-0.877565
1.871853
0.3783917
0.01369789
-1.862049
-2.591838
-0.390893
0.6293048
1.939953
-2.076271
-3.0481
3.50176
-1.387984
-1.193568
0.6779333
-3.093645
1.427027
-3.287368
0.8233329
0.6715903
-2.652595
-1.876274
-0.6001951
0.522894
1.352718
2.155647
5.833508
2.516461
2.130527
0.2686253
1.404642
1.629496
1.796031
-0.2026076
-4.014641
2.327922
1.677576
-2.359874
0.5126317
-5.778991
1.773023
-4.482546
-1.942554
0.8500638
-1.097293
-0.4774078
2.235118
1.845128
1.078284
-0.4937819
4.399601
-0.6234016
-1.132873
-1.428642
-2.149128
0.9285154
-0.5800703
2.282872
1.119899
-0.476639
-0.2809206
-3.867007
1.444726
4.250455
-0.7991527
-0.4213229
1.114598
-1.317297
1.095194
1.43496
1.258446
5.671153
-1.675348
1.28515
0.1035959
2.618301
-2.175281
-5.389717
1.265076
-1.62251
-2.710667
-5.134139
-3.365776
0.3049513
-0.9996624
2.715434
