-2.20377
-1.682497
-1.494291
-4.4047
-0.343299
-3.040828
-3.334158
-6.036865
2.784707
-2.050257
-0.7589629
-0.5111336
-0.679958
0.5782817
-1.754766
0.8211349
-2.51426
5.938769
-1.68112
-1.049326
-2.937775
1.250845
1.162914
-2.892251
-1.930392
3.051077
3.809851
1.025921
1.650398
1.666842
0.5843235
0.4598282
-0.2757813
3.78502
2.762535
0.2948866
-1.586944
5.421373
-2.639886
-2.039477
-0.1620562
-2.250322
2.539257
0.4499821
1.846176
-1.941639
2.083219
-1.513827
-2.396756
4.594098
3.478783
1.737869
1.50992
-0.3210457
-2.732439
-1.209679
1.039221
-0.8371314
-2.108488
-1.779272
2.919921
3.812011
-2.203121
-1.686025
-0.4052163
-2.618676
-0.8053327
-2.429268
8.524092
2.008046
-1.953114
0.9195786
-3.215195
2.247685
-2.719309
-1.921929
2.92907
-1.932516
0.02299908
3.59086
-2.961108
-1.626059
0.828872
4.142956
0.1681109
1.068294
3.390292
1.58664
-1.872262
-1.877095
-4.170392
1.323634
2.606163
1.248857
-3.154772
1.051113
1.284621
1.411692
-2.13468
-2.98197
-0.2742606
-2.85522
-2.340968
0.05669409
-1.002821
-1.130951
-3.141513
-2.712624
2.195265
0.3775267
-0.9078785
-3.36937
3.701595
-2.828061
0.03268179
-2.245594
3.316032
-4.767297
3.800117
-4.395999
0.6595578
-0.8445015
-1.559756
1.150458
-0.5398521
3.209576
0.4359658
-1.056679
-2.708712
-0.008150134
-1.118629
-2.459739
0.9217992
2.050471
3.068236
1.744584
0.4553098
-3.36488
0.248774
-2.170593
1.490451
-0.4699645
-0.8417937
1.569694
4.721204
-2.566338
-2.371109
-1.508671
0.7085303
4.260631
1.496867
2.934473
0.01665962
-1.10137
0.7462509
-0.1569617
-2.506684
-0.6636722
-5.850384
-0.2040052
-2.400826
-1.075441
-0.2867644
2.501556
2.109261
2.582675
0.2204036
-0.1190069
0.5502225
1.666874
-2.375479
2.972817
-1.865672
-1.735789
-4.712003
-0.1849184
-1.060758
2.350886
-0.1652428
1.034201
-2.533205
-0.6332465
-0.9190651
0.05834249
-0.8134543
-0.891827
-1.474991
1.023365
-1.051126
-2.560867
-2.164039
-3.081516
4.652957
-1.5968
-2.771201
-3.376252
0.4294548
0.01450028
-0.8767523
-1.70425
0.9655055
3.787156
-3.387717
2.579848
3.991576
3.454437
0.2846089
-0.6262488
-1.293971
2.928627
-2.973563
2.088422
0.1626617
-0.469035
3.193106
4.473212
-3.088807
1.073418
1.612418
-0.04369679
-1.725835
0.9812335
1.845496
-0.7186803
-1.416141
4.462392
-0.4120519
-1.608769
1.293622
-2.610069
-2.761971
-1.990043
-1.180935
1.441448
-0.01925576
0.09699748
0.9227447
-5.107234
0.8276666
-3.527467
-0.5452228
-0.6190413
-0.8714558
1.249215
-1.88634
0.7228206
-2.244961
-2.610137
2.110096
-0.5863556
1.757209
-1.902289
1.57701
-1.709695
1.526024
1.367819
-1.250957
-0.8495843
-3.34206
-0.2660047
3.159713
-1.667423
-0.8987312
0.3957271
0.9350047
-2.194432
0.959172
0.5514527
-0.7901965
1.895846
-1.708751
0.1750354
-0.4577831
1.062027
-0.5582587
-1.18105
0.7147536
2.98895
0.07435212
-1.575569
2.717891
1.726657
-3.940578
-2.338846
4.366514
2.895426
0.3371852
3.327994
0.5284911
-2.99433
3.506065
0.4491778
3.119639
-2.390885
-0.2772465
-1.553763
-2.251504
2.132306
-1.861107
1.089314
1.243315
-0.5755847
5.582366
0.6085304
-2.49206
-2.109126
0.07733646
2.911452
2.876506
-2.851876
-2.718062
-1.39479
-1.277839
0.5586262
-2.4521
-1.489896
-0.8541861
3.660534
0.9313158
0.6043807
0.4890499
0.6691899
-1.791023
2.889408
4.613949
1.367746
2.707372
4.676208
2.782192
3.276237
0.6562241
4.175072
0.3803951
0.07730649
1.741317
-0.6851504
-1.45032
1.128227
2.032126
3.000462
-3.784171
-0.9198905
3.662418
-6.378953
-3.382249
0.1526234
-1.265058
0.4255388
