-0.2542441
4.719562
1.482709
1.385593
-0.05880069
3.399816
-3.872735
-3.054494
-0.1968353
-3.648884
-0.6511852
-1.269544
-0.520019
-2.151718
-4.452021
3.883028
-5.16855
-0.8422604
0.05089874
-0.3677578
-1.646926
0.08343697
-4.439773
-1.613565
2.719701
-1.354679
0.5118753
0.8786972
1.769565
2.78359
-1.026796
0.4368545
-1.276947
-0.9908956
1.270865
0.1905629
-4.236156
-1.387019
-2.499047
-0.2891738
-1.720959
-2.509535
3.243576
-0.5596637
0.9441623
-4.021207
-0.3285646
-1.313283
-1.355506
4.505948
1.505672
-2.361696
-1.805279
-1.495793
3.600958
-0.1646323
-0.6260384
-0.03754288
2.937737
-0.420367
0.5871503
1.201597
0.5864112
-1.049496
-0.2876935
-0.164628
-0.788667
-0.203156
-2.104363
0.1204744
2.781006
-0.6927789
2.491201
1.214571
-6.125242
0.8552141
-0.3508356
2.032849
-2.01523
-0.4018631
0.1136061
-1.823175
-1.534235
-2.597019
-0.2844571
-2.787938
0.1275073
-1.940535
4.397677
-0.2626871
-1.984484
1.955821
0.9936371
1.397897
-4.554063
-0.7999454
-0.8343636
1.182707
-2.233669
-0.198258
-0.3021334
0.5409586
-0.9479137
2.110248
-3.021721
1.127921
-6.827447
0.9476772
-0.06657294
-1.186509
3.506965
-1.371641
-4.497344
1.519005
-0.5632036
0.5501524
-6.403081
2.873557
-3.006029
-1.182127
0.9587598
1.724709
0.5735477
2.191498
1.205926
3.945826
3.290862
0.02584927
0.549605
0.1873581
1.531198
-3.263158
-0.1751978
2.723282
-2.380127
-6.85327
-1.451608
1.488672
1.770884
-2.481188
-2.174134
-2.338952
-1.651958
-5.91719
-4.176558
1.922059
0.8432499
-2.862552
2.868711
0.9478881
1.553019
0.5040373
3.515043
-2.803562
-4.465648
0.1407441
0.8699497
3.360755
-0.2011974
0.1091629
-0.5249151
-1.765764
-1.141694
4.225488
0.6027702
-2.46745
-1.137599
-2.526274
0.5627239
1.181214
3.240951
1.710003
-1.663446
4.186766
-3.218812
0.4984444
1.547528
1.611503
-3.07901
1.55898
4.73522
-4.530776
1.870833
1.754923
0.1658096
-3.048897
0.3566024
-1.76557
-0.5663272
-4.480785
-1.267265
-0.5241979
-0.4257503
1.064167
3.409134
3.214331
-0.953173
1.03923
-1.310528
0.4329971
2.140405
-2.946885
-0.2975288
-3.446877
-1.38665
-2.132642
-2.735536
2.023401
1.931027
1.120979
0.9410686
-0.9481907
-2.623009
1.119918
-3.102307
0.3361918
-5.013847
-1.964721
3.075238
-3.878026
-3.413472
1.186819
-1.859425
0.7230113
3.113603
-1.942994
-0.1519756
0.674544
-3.939982
-2.29281
-3.891448
2.412307
1.789732
-2.452548
1.214712
0.8034689
-0.764894
1.01293
0.5272275
0.9131821
-4.581253
0.225199
-1.089987
-0.503728
-0.3264835
-2.14333
2.157629
-0.3027619
0.2584513
5.183398
-1.161978
1.076236
-2.592752
2.506711
0.3188241
-2.553723
1.035497
0.5949924
-0.06036302
-2.698988
-0.7788655
-1.914343
1.990795
0.7587188
3.790724
-0.02720031
-1.646115
4.81626
0.1924896
2.152961
-3.568462
-0.9419661
-0.7042661
1.703704
1.986117
-1.218589
1.78832
1.484017
3.320014
2.425071
3.239057
0.5483986
-0.8649617
3.325899
2.295926
-1.693364
0.07061556
-3.659134
1.850271
-0.9440764
2.219262
0.7577913
1.79723
-0.1265826
-1.546923
-0.8167745
0.4430698
-1.563936
0.3480164
4.277561
1.775303
4.668731
2.243468
0.981836
2.347274
4.075269
-2.264507
0.5587615
-5.291736
-1.190951
1.467255
1.808984
-1.853086
3.482016
0.7606143
-0.9729922
4.795086
0.4881504
2.123245
2.58888
-1.862435
-1.19773
-2.298701
-2.947121
0.4064854
0.2921525
0.2465755
0.7942758
-1.276548
-1.487
-1.388398
-3.718311
-1.762635
1.682364
-5.025344
-0.5122914
-2.090518
3.355495
-2.3171
-1.775198
2.343021
-1.437772
-2.942483
-1.356372
0.2799838
4.513677
-3.249132
-4.677902
