0.3208402
4.191797
1.836238
2.454432
-4.574384
1.886081
-3.652206
0.4516982
-1.462608
0.8223938
0.4262387
2.147942
-4.449245
-0.1000057
-3.591665
3.472934
-2.371603
4.109972
1.87151
-1.949683
1.935652
-1.639479
-0.1959157
-2.892251
-0.631811
-2.42669
-0.493842
3.433515
-0.6046926
-0.8221849
0.7405097
0.3371264
2.221853
-0.1180618
-2.670009
-2.863595
-1.073009
0.7645913
1.373592
0.1956378
-2.278509
-0.7165951
2.539257
4.116005
0.3834573
-2.696119
0.1478016
-4.047319
2.64878
4.821272
-2.033362
-4.623646
-2.883086
-2.553353
-3.513108
1.671759
-0.3131966
-2.7955
2.193641
3.765712
-6.368342
-1.315245
2.056401
2.272119
-1.611933
0.3168842
-1.161207
0.8069036
2.489112
-2.395617
3.088322
-2.780041
1.95875
-2.249744
3.010039
-2.317894
-2.496202
2.388026
-2.572603
-1.113098
-0.9539866
2.277614
-0.7312242
3.53544
-0.1859086
2.061186
7.184707
-3.493162
-1.806349
1.867568
-1.241815
4.982285
1.637784
-1.665419
-2.230937
-0.9392573
2.470891
-1.347142
2.283657
-0.9285828
1.796241
1.072831
-1.158988
4.379832
1.65234
-1.834745
-0.139741
5.506618
0.9468012
-1.986185
-3.734068
1.205173
3.226574
-0.648321
-2.080335
1.53819
2.476169
-0.4146484
0.8615814
-5.571663
0.622946
4.669893
-3.347027
4.262549
-1.519088
-1.916433
-1.604235
-0.8845585
2.023258
-2.482754
-0.5083688
2.128282
2.397885
-3.676305
-1.320392
-2.501581
0.5294352
-3.36488
0.8542343
-1.821031
2.436681
-0.06821253
-1.265991
0.2993934
-0.9021288
-0.5826493
-0.5731986
0.7581917
4.358551
4.260631
2.606201
-1.037081
-0.937063
0.6784409
0.04027569
-0.3132069
-0.0994297
-1.89775
-0.9162146
4.837944
-1.516434
-0.6769506
-0.2867644
2.501556
1.420051
1.961952
-3.575838
0.4400327
4.566146
-0.6953146
2.265234
-3.656492
1.18119
-2.217119
-3.125944
1.930224
-5.077273
2.928947
-3.243602
4.006508
0.5281553
-0.5536978
3.415776
0.1822303
-3.253881
-4.848772
4.975127
-2.42258
-1.449945
2.724391
1.387975
-0.8878566
-1.374019
1.177496
4.887071
-0.5216669
1.587787
-1.365654
-2.305297
2.573874
-2.396383
-7.593575
-2.450121
0.03491428
2.689921
-0.7682145
2.273609
-1.288797
4.559681
1.428573
1.090986
0.9469033
1.725248
0.1917883
1.779217
0.5596233
-0.1710066
1.095302
-4.024789
-0.6777689
-0.5984828
1.624145
0.7040477
-0.7186803
-1.139366
-2.273522
2.799701
3.126278
-0.7214233
0.5081468
-2.882723
0.2903434
1.701806
0.7749128
-0.0687036
0.9347444
-1.363043
-1.289508
-0.905193
-1.761095
0.5405982
-2.060451
-3.02589
1.590931
-4.420299
-1.073158
-1.402761
0.8392705
1.305616
5.076465
1.538754
0.8022459
-1.769544
0.6557649
-3.22345
-0.402152
1.382524
-2.786517
-2.12236
-2.386334
0.7461422
-1.119066
2.515123
1.016784
2.91104
0.6800597
2.149329
-1.011089
1.109955
-1.520836
-2.65432
-0.2655428
-3.882621
-0.2234174
1.480594
-1.18105
3.929403
1.772015
-3.078387
1.676594
0.06049524
-0.3670351
-1.757337
1.75824
-2.158955
-1.50411
1.935855
0.3613477
-0.444487
1.524154
-1.426111
1.728239
3.079287
1.748892
0.5311041
2.564595
3.692431
2.763397
2.92988
1.016263
1.610064
4.41758
1.016897
-3.246978
0.9958594
1.145681
-3.019862
1.615424
1.410742
0.9273864
-4.652601
1.735346
0.3354494
-2.140971
0.2087668
1.585339
-0.8541861
2.60777
-3.30459
0.5677116
-0.3921318
2.877306
0.9558686
-1.503377
-0.5374283
-0.5936684
-3.333149
0.9653685
0.4137242
1.240304
-1.672819
0.5712425
-2.017496
-1.600774
4.419352
-0.6630555
-4.096504
1.128227
-1.10191
-1.035239
-1.456298
0.5227209
0.8695973
3.005348
-1.969059
2.205952
-2.72657
2.206805
