-0.7950876
-3.898276
-1.486219
1.893614
-0.1806597
1.409854
-2.013728
-1.658234
2.41082
4.299094
-2.746958
-0.5670996
0.1068186
-1.883424
-0.8056704
-2.052162
-0.7141564
-2.377276
2.567495
-0.9342794
-1.074602
0.1588732
0.2014336
2.446088
0.926662
1.54688
0.2375775
-0.599398
-1.174804
0.2993598
-3.731104
-0.6784167
-0.1672329
1.356575
-4.860792
3.595655
-0.5478733
-0.5700509
0.719609
-1.993706
-1.009353
-3.912515
0.2418839
-0.7424819
-2.937356
-0.3901482
-0.5657781
-3.028234
-0.5167277
-0.4901467
1.424973
-1.76851
1.013576
1.571673
2.641483
-2.15468
0.2587613
1.557024
-1.57322
-0.2964424
-3.941921
0.9567541
0.9887625
0.2154305
4.086176
2.23188
-2.048925
3.857453
2.04059
-1.730979
1.329625
-2.313534
3.720961
-0.3241277
-0.3121299
2.232663
-1.057513
-1.47855
0.693266
-0.7873008
-2.47447
4.442415
1.643493
7.051855
-2.402392
2.15542
4.739845
-1.449812
-0.2105082
-0.105051
2.307682
4.170708
-1.842931
-2.739289
0.8141508
-1.694934
4.61334
2.101814
-4.448848
-2.31926
-0.3438376
1.020398
-2.945367
-0.01645348
-1.06892
0.1614748
-2.798655
-0.716677
-1.525233
0.219487
1.190003
-3.283342
0.03983011
-3.080118
-0.2193106
-0.07039897
0.9037242
2.063253
-0.2178087
0.8109928
0.02846808
-0.6970843
3.196175
-0.9411313
-3.311035
1.123001
1.529214
0.04166911
4.374816
3.293061
0.6120959
-0.5450115
0.3566653
0.2460724
-2.895127
1.861158
-0.3253185
-2.262619
1.301214
-3.224013
-1.151031
-2.493152
0.3779903
3.766459
5.163277
0.5044315
-1.581966
-1.059705
0.3338808
1.840491
-0.5116986
0.6256198
-0.5521828
-1.693372
0.3704426
-3.00579
-1.051015
1.135752
2.805918
-7.528455
-1.335006
0.5175296
0.1851852
1.493052
-3.938567
-0.782339
0.4691331
-1.407605
1.981958
1.67163
3.19847
-1.265793
1.68646
0.5791389
0.8579482
-4.358939
-5.010458
-2.171061
0.6561636
-2.492956
-1.128196
1.581763
-2.881376
-6.399666
-1.762117
1.075295
-1.084222
1.798363
0.4954096
-3.074968
-3.88893
-2.396069
-0.1647321
-2.091902
-2.986237
3.047809
-2.591901
2.683373
1.614504
-1.491358
1.011613
-1.348254
-2.308505
2.89569
3.435838
-0.6825716
-1.961776
1.724415
-1.129192
2.861694
3.469923
-0.1831896
0.1466376
0.09413814
2.122217
1.735578
-0.9037311
-2.554676
-1.105307
0.1657674
0.1231252
2.758604
-2.727319
-1.869017
4.121234
-4.510465
1.696356
-0.2504979
4.857194
2.529417
0.7912989
2.38303
1.940049
2.012519
-3.451671
-0.9137577
0.6777334
-2.958254
1.490126
-4.750072
1.352447
0.4648918
2.859282
0.3487109
-0.4026604
-1.479528
1.00341
-4.719961
0.1512234
1.714347
-1.486808
2.802319
-0.2595285
1.157407
-0.9424205
-0.3274003
-2.111826
-3.451365
1.157504
4.057747
1.93651
-4.536029
-2.756017
-5.282116
-3.330935
1.387298
-2.800497
5.392831
-0.4270671
-0.5679538
4.102202
3.428661
-3.091208
-2.069696
0.84558
-0.8359108
2.275219
-0.4993211
-2.736343
3.896261
2.479314
0.7378903
-1.332826
2.095591
2.222895
-0.605697
-0.6045117
4.417499
0.6082862
-0.6176065
4.341264
-0.148089
-3.805015
-1.326886
0.2710184
0.5098011
2.599712
1.416631
-2.424933
4.800315
4.762149
-1.419374
-2.723179
-3.232386
2.039706
0.4326514
-2.488045
4.309945
2.233316
4.928233
-0.9086244
1.531054
-1.269808
1.956111
2.014236
0.6465605
0.6757964
0.4580471
0.5356999
2.62187
2.669931
-1.882089
0.4441452
-1.735574
-0.6411768
1.240979
-0.7839024
2.452798
0.6752378
-1.155716
-0.2731284
2.528749
2.273929
2.160219
4.209771
-3.1684
-2.088898
-0.8916271
0.3033321
5.254772
-0.9599127
-2.889877
-3.676718
0.03328163
1.53374
-2.993035
-2.443253
0.3060516
