1.72459
-0.9190658
-0.6989698
4.001744
-1.585332
-2.622362
-0.4635628
-1.018992
3.905092
-3.678183
1.567856
-0.4340046
5.575456
3.563429
-3.113589
1.646747
-3.495616
-0.3563251
-0.1248773
-4.621665
4.625467
-3.264025
-1.948325
6.48621
-2.800451
-2.482097
2.773447
0.6950282
2.522654
-0.3397485
-0.5480418
-2.273501
-2.093049
-0.03082142
0.1592105
2.882455
3.187723
1.714875
5.955212
-2.29456
1.276584
2.648495
-1.603637
-3.424114
-2.623634
-3.304063
2.66102
2.681632
0.8119531
1.218322
-0.4618529
-1.517871
-2.964795
0.4411589
1.294961
0.4840341
-1.904442
2.456482
-0.004109977
3.474025
1.525563
2.803076
-2.774846
1.503002
-0.3408512
0.1734964
-1.701281
-5.352496
2.691862
5.184968
0.3199177
-0.2526766
-0.05972453
-1.829549
-1.295648
-3.311837
-2.708436
1.849972
2.286148
-1.020707
-0.03931739
-0.5793806
1.821984
-2.882395
-1.90051
0.5957507
-4.856103
0.8856152
1.127539
-1.546309
-3.151625
-2.587837
0.2904567
-4.327112
5.332451
2.090915
-1.262208
-1.571029
-2.286372
-2.349303
2.747402
5.472735
-0.05277104
-2.586319
3.946295
-4.338841
-3.244088
-0.07558864
-3.126485
-0.5792381
3.258548
-3.940887
-0.4882642
1.195194
-2.072992
-1.384322
2.303987
2.921807
-0.9175726
-1.51171
-0.3909563
0.6994172
1.518636
4.627383
2.020236
1.518293
-3.212383
3.014997
-1.584467
-0.646489
0.840878
-0.374256
-1.133307
0.3353942
-1.321079
1.216155
-4.025694
1.160843
1.167617
-1.81486
-0.4892859
-0.8588994
1.170289
2.360582
1.293538
-1.028932
-3.309907
0.8341645
1.812056
-1.942883
2.816293
2.568949
1.731752
-0.04018019
-1.850504
6.300132
0.9363822
0.1093519
-0.278956
-1.073051
0.97303
3.456763
4.856494
-1.202966
0.7319819
3.191885
-3.16425
3.681818
1.868553
0.01066813
0.7745869
-5.576495
-2.341295
0.1481824
2.158705
0.1703754
0.6360946
-3.493833
5.215541
-0.6414928
-0.3193665
1.115769
-1.88964
0.3827252
-2.569317
-3.524378
-0.1432755
-0.258396
-0.8544939
-2.212182
3.73985
2.502871
2.776721
-0.5139349
-0.04386517
-2.432873
-3.341878
-1.898915
-0.6815313
0.1816648
3.219457
-2.468559
-1.505559
4.667583
-0.7527543
0.5033168
-1.78943
-3.552101
-3.218449
2.294915
-3.517227
1.297218
-0.06119522
-1.063663
-1.026031
0.1046365
2.445132
0.03400066
2.339608
-1.911328
-0.09084983
-1.128692
4.552955
-4.406707
-2.699567
4.438349
5.896271
1.860312
0.9770408
-1.20761
0.1102358
1.14102
-3.748276
-1.206275
-0.6991635
-4.566855
2.466139
0.7495174
0.7063228
-0.9049106
2.276794
-3.488649
1.971768
-2.827647
0.4195036
2.014617
-1.559601
-3.863854
-3.202106
2.012957
1.744052
4.522721
-1.395254
-1.558116
-0.3142757
-1.786219
4.040776
-1.093407
-2.54379
-1.494433
1.007353
3.851868
-3.250185
-2.142259
-1.683914
2.838374
-0.02603023
-2.952142
1.700959
-0.6236939
-5.115142
-0.6474907
-1.629706
1.680337
0.5188771
-2.124539
4.173504
-1.340099
-4.488595
2.476872
-0.8834208
1.624025
1.975614
-2.991935
6.021005
-0.6572405
-3.918083
-0.1724178
3.150323
2.029061
0.5585454
2.998092
2.663373
1.209624
-2.947154
1.450952
-0.3187429
-2.076755
-0.1576796
0.7564516
5.113346
-1.102139
-1.186885
4.010098
1.3722
0.2835211
1.633508
1.293579
-0.4043497
0.09283771
1.235056
0.7218323
0.3213158
0.7966047
3.049373
4.34451
-1.441211
-1.829174
-0.4221382
0.8211842
-2.326296
-0.4979264
-2.965604
1.222923
0.8122615
3.039464
2.891568
-1.51969
1.452125
0.0806831
1.393009
-1.266037
2.323304
-0.5264533
0.1752769
-2.953536
2.811178
-3.610246
3.203872
0.143283
-1.683132
-0.394691
-0.680662
-1.614091
-2.571161
-0.9235054
0.5449265
-1.513067
