-2.266593
-1.326197
-0.2262249
-1.188752
-0.9840327
3.338856
4.371795
0.3724335
-2.329266
-1.472969
0.5854258
-2.172874
-1.617792
2.112241
2.342973
2.094158
-1.785724
3.959565
-1.283697
-1.68932
1.726623
-1.010506
-0.7064291
0.7580672
-2.618196
-1.340851
-0.398851
3.754754
-0.6909487
-5.625277
-2.955303
3.330062
2.289608
-1.203233
2.691881
3.675451
-0.8736493
-4.11473
1.833055
-1.645539
-0.07632608
-1.053367
-1.600423
-3.87027
2.797287
0.2028624
-3.015495
1.799597
-1.926057
-2.455891
1.289813
-0.7590442
-2.521652
2.391596
0.8236034
1.780506
3.398888
2.244589
-4.345118
2.444944
-1.323785
0.3311324
1.44381
2.645329
-0.4052163
-1.075518
1.365433
0.4922819
-2.102313
-1.392903
1.812346
-3.625
2.33056
2.457295
2.764869
-0.2351781
2.689417
2.377543
1.466062
-0.1007401
-1.194317
2.095394
0.3075938
0.7184241
1.010303
-0.8901472
-2.249678
-0.1247078
-3.415767
-1.315591
3.204927
0.1195314
-0.2268261
-1.519541
2.464916
1.692332
1.076831
-0.3058823
1.450856
0.01339715
0.5010765
-1.614765
1.769746
-0.3593662
-3.533998
1.163247
-0.3756278
-0.9391845
-1.858611
-1.438935
-3.396837
-2.353271
1.100531
-5.54244
0.4535102
-3.283008
1.668877
1.807319
-4.545743
-2.720592
3.428149
-2.613512
-0.1651117
0.6386114
-0.7240357
-3.082132
-0.1700526
-1.241315
1.202741
0.2328598
-1.118629
1.527496
0.9231625
0.2117273
0.2704496
1.587544
1.979774
1.272322
1.211535
-1.995723
1.681486
1.814329
-5.57173
1.772333
2.291548
-0.6961552
-6.502504
2.826766
2.992279
-1.637684
3.822554
5.113987
-5.197628
-3.942144
0.7581204
-3.889413
-1.780468
4.568078
2.026175
-4.692996
-2.296747
3.148067
2.675046
1.076735
-1.759738
-4.622553
-3.424153
1.398576
2.673636
-1.595825
-4.95959
0.5179433
2.488929
-0.5869612
1.014541
4.897875
-3.991312
0.5518018
-1.407987
-0.3632716
-1.829337
5.204072
1.642309
-0.3865819
-0.7775569
-0.937258
-0.365317
1.459604
2.959669
-1.440786
4.73386
-3.923051
0.9860656
1.284282
0.8397056
2.476815
3.851227
2.642868
1.127815
2.27867
1.218942
-2.100432
-2.558284
-0.8638512
-3.694898
1.100953
-1.296878
3.33493
-1.638272
-2.62869
-0.8585721
-2.476186
0.708894
1.959478
-2.437647
-3.581281
-0.6952028
-5.2574
-1.94136
-3.847729
0.3791369
1.187311
1.456519
4.844766
0.3375987
-1.241044
-1.79518
-3.548219
-1.691865
2.142987
-0.9552048
-2.162875
-1.180935
-0.144615
-2.372046
-3.345705
1.745955
0.1019714
1.789892
-1.057593
1.592504
-1.166556
-1.016943
-4.494458
-2.873781
-3.055798
2.553607
1.198437
1.969057
-2.714625
1.284867
2.500566
-0.1203403
0.5800251
3.014335
2.652591
-2.364169
-2.855097
2.174259
2.748671
2.775395
0.5335041
-2.475544
0.9853848
2.670841
1.506506
5.317173
3.027187
-2.894979
-1.112862
-4.676244
0.87886
-1.73884
6.413161
0.4955575
4.504467
-1.651311
-2.399836
2.01764
-2.576435
-2.800705
0.623365
4.048985
4.661741
-1.912877
-1.585605
-3.711109
-5.377225
-4.227765
-0.5465988
-1.960031
-1.071568
0.09500086
0.2447698
-0.5340933
4.829443
-2.870653
1.336007
0.9012851
-1.87366
-1.615708
0.6945072
-3.705178
2.042727
-1.544013
2.305692
1.557194
0.9045601
2.203187
0.3159456
-2.785733
0.6714486
5.377907
-1.941325
0.9106643
-1.087129
-1.766319
-5.061644
5.164438
-1.050522
-5.755224
-0.1714402
0.01704447
2.659741
-0.3442947
4.245543
3.661104
1.778057
0.640427
-0.8472412
0.9253914
3.784212
-0.04711864
-0.3040531
5.154708
-1.190923
-1.447584
-1.298465
2.82092
3.568166
0.7913483
1.539491
2.520755
-2.009888
-1.89226
0.03428445
-6.426814
-1.632528
